N=1000 | seq=0.368601 ms | omp=9.31949 ms
N=10000 | seq=45.1651 ms | omp=942.641 ms
N=40000 | seq=180.6644 ms | omp=90.2874 ms